%YAML:1.0
---
camera_matrix: !!opencv-matrix
   rows: 3
   cols: 3
   dt: d
   data: [ 1.1005972086088673e+03, 0., 6.8785980402478947e+02, 0.,
       1.1428567185463176e+03, 7.2607337374953659e+02, 0., 0., 1. ]
distortion_coeffs: !!opencv-matrix
   rows: 1
   cols: 5
   dt: d
   data: [ 1.1897620054895669e-01, -4.6026465467402694e-01,
       6.1660739200939098e-02, -4.0243679587089898e-03,
       7.5956361961449825e-01 ]
